:"基本色"
"青（あお）" 0 0 255
"赤（あか）" 255 0 0
"黄（き）" 255 255 0
"黒（くろ）" 0 0 0
"白（しろ）" 255 255 255
"灰（はい）" 127 127 127
"緑（みどり）" 0 191 43
:"赤系統"
"赤（あか）" 255 0 0
"茜（あかね）" 255 56 89
"オレンジ" 255 165 0
"カーマイン" 255 48 96
"サーモンピンク" 255 148 140
"桜（さくら）" 255 228 227
"朱（しゅ）" 255 79 82
"菫（すみれ）" 230 128 230
"茶（ちゃ）" 166 30 30
"チェリー" 218 0 0
"マゼンタ" 235 42 142
"桃（もも）" 255 166 204
"煉瓦（れんが）" 178 34 34
"ローズピンク" 255 120 145
:"青系統"
"青（あお）" 0 0 255
"コバルトブルー" 12 92 230
"紺（こん）" 0 0 140
"スカイブルー" 105 173 255
"ターコイズ" 0 145 168
"マリンブルー" 67 61 166
"水（みず）" 153 230 255
"ライトブルー" 173 221 255
:"緑系統"
"アクアマリン" 127 255 211
"浅緑（あさみどり）" 169 217 188
"エメラルド" 0 242 166
"オリーブ" 134 143 109
"黄緑（きみどり）" 127 255 0
"森緑（しんりょく）" 33 142 33
"深緑（ふかみどり）" 15 120 30
"抹茶（まっちゃ）" 188 230 129
"緑（みどり）" 0 191 43
"萌葱（もえぎ）" 116 230 87
:"紫系統"
"ライラック" 204 168 230
"ラベンダー" 187 159 230
"青紫（あおむらさき）" 153 130 217
"紫（むらさき）" 201 111 217
"パープル" 176 48 133
:"黄系統"
"オレンジ" 255 165 0
"黄（き）" 255 255 0
"金（きん）" 255 215 0
"クリーム" 255 243 153
"肌（はだ）" 255 217 166
"ブロンド" 255 203 125 
